1010101025
1010101291
1010101327
1010101462
1010101502
1010101648
1010101783
1010101804
1010101819
1010101954
1010102029
1010102164
1010102179
1010102470
1010102485
1010102506
1010102510
1010102641
1010102656
1010102787
1010102791
1010102812
1010102827
1010102958
1010102962
1010103037
1010103041
1010103172
1010103187
1010103208
1010103212
1010103489
1010103493
1010103514
1010103529
1010103795
1010103820
1010103835
1010103970
1010104045
1010104180
1010104195
1010104216
1010104351
1010104537
1010104672
1010104708
1010104839
1010104843
1010104974
1010104989
1010105053
1010105068
1010105239
1010105374
1010105676
1010105680
1010105701
1010105716
1010105847
1010105851
1010105982
1010106061
1010106076
1010106101
1010106232
1010106247
1010106378
1010106382
1010106403
1010106418
1010106549
1010106724
1010107084
1010107105
1010107240
1010107386
1010107390
1010107426
1010107561
1010107692
1010107863
1010107878
1010107903
1010108092
1010108128
1010108259
1010108263
1010108394
1010108434
1010108565
1010108605
1010108736
1010108740
1010108907
1010109096
1010109121
1010109136
1010109267
1010109271
1010109307
1010109438
1010109573
1010109609
1010109613
1010109759
1010109894
1010120137
1010120141
1010120272
1010120287
1010120308
1010120312
1010120458
1010120589
1010120593
1010120614
1010120629
1010120764
1010120895
1010120920
1010120935
1010121014
1010121280
1010121295
1010121316
1010121320
1010121451
1010121597
1010121637
1010121768
1010121808
1010121939
1010121943
1010123026
1010123030
1010123161
1010123176
1010123201
1010123478
1010123482
1010123503
1010123518
1010123649
1010123653
1010123784
1010123824
1010124034
1010124049
1010124184
1010124205
1010124340
1010124526
1010124657
1010124792
1010124828
1010124832
1010124963
1010124978
1010125042
1010125057
1010125192
1010125213
1010125359
1010125363
1010125494
1010125705
1010125836
1010125840
1010125971
1010125986
1010126050
1010126065
1010126196
1010126236
1010126367
1010126371
1010126407
1010126538
1010126542
1010126709
1010126713
1010126859
1010127069
1010127073
1010127109
1010127375
1010127415
1010127546
1010127681
1010127696
1010127852
1010127867
1010128081
1010128102
1010128248
1010128252
1010128383
1010128398
1010128419
1010128423
1010128569
1010128725
1010129085
1010129125
1010129256
1010129260
1010129391
1010129427
1010129431
1010129562
1010129602
1010129748
1010129879
1010130181
1010130196
1010130217
1010130352
1010130367
1010130498
1010130523
1010130538
1010130673
1010130709
1010130975
1010131054
1010131069
1010131360
1010131375
1010131531
1010131546
1010131681
1010131702
1010131717
1010131848
1010131852
1010131983
1010132062
1010132102
1010132379
1010132383
1010132404
1010132419
1010132685
1010132710
1010132725
1010132856
1010132860
1010134089
1010134093
1010134129
1010134264
1010134395
1010134570
1010134606
1010134737
1010134741
1010134872
1010134908
1010134912
1010135097
1010135137
1010135268
1010135272
1010135308
1010135439
1010135614
1010135745
1010135895
1010135916
1010135920
1010136130
1010136145
1010136276
1010136280
1010136301
1010136316
1010136451
1010136582
1010136597
1010136753
1010136768
1010136924
1010136939
1010137018
1010137149
1010137153
1010137284
1010137324
1010137590
1010137626
1010137630
1010137801
1010137932
1010137947
1010138026
1010138157
1010138161
1010138292
1010138328
1010138463
1010138478
1010138503
1010138634
1010138649
1010138784
1010138940
1010139034
1010139165
1010139205
1010139340
1010139471
1010139486
1010139507
1010139642
1010139657
1010139792
1010139813
1010139828
1010140126
1010140130
1010140261
1010140276
1010140301
1010140432
1010140578
1010140582
1010140603
1010140618
1010140749
1010140753
1010140924
1010141284
1010141305
1010141586
1010141590
1010141626
1010141757
1010141761
1010141892
1010141928
1010141932
1010142142
1010142157
1010142313
1010142328
1010142459
1010142463
1010142594
1010142634
1010142765
1010142805
1010142936
1010142940
1010143015
1010143150
1010143165
1010143296
1010143467
1010143471
1010143507
1010143638
1010143642
1010143809
1010143813
1010143959
1010145031
1010145046
1010145181
1010145202
1010145217
1010145348
1010145352
1010145483
1010145498
1010145654
1010145825
1010145960
1010145975
1010146054
1010146185
1010146210
1010146356
1010146360
1010146491
1010146527
1010146531
1010146702
1010146848
1010146979
1010146983
1010147058
1010147062
1010147193
1010147364
1010147379
1010147404
1010147535
1010147670
1010147685
1010147841
1010147856
1010147987
1010148070
1010148106
1010148237
1010148241
1010148372
1010148387
1010148408
1010148412
1010148543
1010148689
1010148693
1010148714
1010148729
1010149074
1010149089
1010149245
1010149380
1010149395
1010149416
1010149420
1010149697
1010149737
1010149868
1010149872
1010150170
1010150185
1010150206
1010150210
1010150341
1010150356
1010150487
1010150491
1010150512
1010150527
1010150658
1010150793
1010150829
1010150964
1010150979
1010151043
1010151058
1010151214
1010151364
1010151495
1010151520
1010151535
1010151670
1010151706
1010151837
1010151841
1010151972
1010151987
1010152051
1010152197
1010152368
1010152372
1010152408
1010152539
1010152543
1010152674
1010152689
1010152714
1010152845
1010152980
1010153074
1010153230
1010153245
1010153401
1010153416
1010153547
1010153682
1010153697
1010153718
1010153853
1010153868
1010154078
1010154082
1010154103
1010154249
1010154253
1010154384
1010154690
1010154726
1010154730
1010154861
1010154876
1010154901
1010156094
1010156134
1010156265
1010156305
1010156436
1010156571
1010156586
1010156742
1010156757
1010156892
1010156913
1010156928
1010157138
1010157142
1010157273
1010157309
1010157313
1010157459
1010157594
1010157615
1010157896
1010157921
1010157936
1010158015
1010158146
1010158150
1010158281
1010158296
1010158317
1010158321
1010158452
1010158467
1010158598
1010158623
1010158638
1010158769
1010159019
1010159023
1010159154
1010159169
1010159325
1010159460
1010159475
1010159631
1010159646
1010159781
1010159802
1010159817
1010160250
1010160265
1010160396
1010160421
1010160436
1010160567
1010160571
1010160607
1010160738
1010160742
1010160873
1010160909
1010160913
1010161098
1010161269
1010161273
1010161309
1010161575
1010161615
1010161746
1010161750
1010161896
1010161917
1010161921
1010162131
1010162146
1010162302
1010162317
1010162452
1010162583
1010162598
1010162619
1010162623
1010162754
1010162769
1010162925
1010163019
1010163154
1010163285
1010163456
1010163460
1010163591
1010163627
1010163631
1010163762
1010163802
1010163948
1010164012
1010164027
1010164158
1010164162
1010164293
1010164329
1010164504
1010164635
1010164785
1010164806
1010164810
1010164941
1010164956
1010165020
1010165035
1010165170
1010165206
1010165341
1010165472
1010165487
1010165643
1010165658
1010165789
1010165793
1010165814
1010165829
1010165964
1010167047
1010167051
1010167182
1010167197
1010167218
1010167353
1010167368
1010167524
1010167539
1010167674
1010167830
1010167845
1010167976
1010167980
1010168190
1010168230
1010168361
1010168376
1010168401
1010168532
1010168547
1010168678
1010168682
1010168703
1010168718
1010168984
1010169063
1010169078
1010169103
1010169234
1010169249
1010169384
1010169405
1010169540
1010169686
1010169690
1010169726
1010169857
1010169861
1010170174
1010170345
1010170476
1010170480
1010170501
1010170516
1010170647
1010170651
1010170782
1010170797
1010170818
1010170953
1010170968
1010171032
1010171047
1010171203
1010171218
1010171349
1010171353
1010171484
1010171524
1010171790
1010171826
1010171830
1010171961
1010171976
1010172040
1010172186
1010172190
1010172357
1010172361
1010172492
1010172528
1010172532
1010172678
1010172703
1010172834
1010172849
1010172984
1010173059
1010173063
1010173194
1010173234
1010173405
1010173536
1010173540
1010173671
1010173686
1010173707
1010173842
1010173857
1010174067
1010174071
1010174107
1010174238
1010174242
1010174373
1010174694
1010174715
1010174850
1010174865
1010175075
1010175246
1010175250
1010175381
1010175396
1010175417
1010175421
1010175698
1010175723
1010175738
1010175869
1010175873
1010175909
1010176083
1010176098
1010176123
1010176254
1010176269
1010176425
1010176560
1010176575
1010176731
1010176746
1010176902
1010176917
1010178135
1010178270
1010178285
1010178306
1010178310
1010178456
1010178587
1010178591
1010178612
1010178627
1010178758
1010178762
1010178929
1010179012
1010179143
1010179158
1010179289
1010179293
1010179314
1010179329
1010179464
1010179595
1010179620
1010179635
1010179806
1010180104
1010180254
1010180385
1010180410
1010180425
1010180560
1010180691
1010180727
1010180731
1010180862
1010180902
1010181087
1010181091
1010181258
1010181262
1010181393
1010181429
1010181564
1010181579
1010181604
1010181735
1010181870
1010181906
1010181910
1010182095
1010182120
1010182135
1010182306
1010182437
1010182572
1010182587
1010182608
1010182612
1010182743
1010182758
1010182893
1010182914
1010182929
1010183139
1010183143
1010183274
1010183289
1010183580
1010183595
1010183616
1010183620
1010183751
1010183897
1010183937
1010184016
1010184147
1010184151
1010184282
1010184297
1010184318
1010184624
1010184639
1010184930
1010184945
1010185024
1010185290
1010185326
1010185461
1010185476
1010185632
1010185647
1010185782
1010185803
1010185818
1010185949
1010185953
1010186028
1010186032
1010186163
1010186178
1010186203
1010186349
1010186484
1010186505
1010186786
1010186790
1010186826
1010186957
1010186961
1010187036
1010187040
1010187171
1010187186
1010187207
1010187342
1010187357
1010187492
1010187513
1010187528
1010187659
1010187834
1010187965
1010189052
1010189067
1010189198
1010189238
1010189369
1010189373
1010189409
1010189675
1010189715
1010189846
1010189850
1010190159
1010190163
1010190294
1010190465
1010190505
1010190636
1010190640
1010190786
1010190807
1010190942
1010190957
1010191021
1010191036
1010191207
1010191342
1010191473
1010191509
1010191513
1010191659
1010191794
1010191815
1010191950
1010191965
1010192175
1010192346
1010192350
1010192481
1010192496
1010192517
1010192521
1010192652
1010192798
1010192823
1010192838
1010192969
1010192973
1010193048
1010193052
1010193183
1010193198
1010193219
1010193525
1010193675
1010193831
1010193846
1010193981
1010194056
1010194060
1010194191
1010194231
1010194362
1010194548
1010194679
1010194683
1010194704
1010194719
1010194854
1010194985
1010195064
1010195079
1010195104
1010195235
1010195370
1010195385
1010195406
1010195410
1010195687
1010195691
1010195712
1010195727
1010195858
1010195862
1010196072
1010196087
1010196108
1010196243
1010196258
1010196389
1010196393
1010196414
1010196429
1010196564
1010196720
1010196735
1010196870
1010196906
1010197080
1010197095
1010197120
1010197251
1010197397
1010197437
1010197568
1010197572
1010197608
1010197874
1010197914
1010198124
1010198139
1010198274
1010198430
1010198576
1010198580
1010198601
1010198616
1010198747
1010198751
1010198918
1010201083
1010201098
1010201254
1010201269
1010201425
1010201560
1010201575
1010201731
1010201746
1010201902
1010201917
1010202091
1010202127
1010202131
1010202302
1010202579
1010202583
1010202604
1010202619
1010202754
1010202910
1010202925
1010203135
1010203270
1010203285
1010203456
1010203587
1010203591
1010203612
1010203627
1010203758
1010203762
1010203893
1010203929
1010204012
1010204143
1010204158
1010204289
1010204293
1010204314
1010204329
1010204595
1010204620
1010204635
1010204806
1010204937
1010204941
1010205016
1010205020
1010205151
1010205297
1010205468
1010205472
1010205639
1010205643
1010205789
1010205814
1010205945
1010206024
1010206039
1010206174
1010206345
1010206476
1010206480
1010206501
1010206516
1010206782
1010206797
1010206818
1010206953
1010206968
1010207032
1010207047
1010207178
1010207182
1010207203
1010207218
1010207349
1010207353
1010207484
1010207524
1010207826
1010207830
1010207961
1010207976
1010208040
1010208186
1010208190
1010208357
1010208361
1010208492
1010208528
1010208532
1010208678
1010208703
1010208984
1010209059
1010209063
1010209194
1010209234
1010209365
1010209405
1010209536
1010209540
1010209671
1010209686
1010209707
1010209842
1010209857
1010210290
1010210326
1010210461
1010210476
1010210501
1010210632
1010210647
1010210782
1010210803
1010210818
1010210949
1010210953
1010212036
1010212040
1010212171
1010212186
1010212342
1010212357
1010212492
1010212513
1010212528
1010212659
1010212794
1010212834
1010212965
1010213059
1010213194
1010213215
1010213496
1010213521
1010213536
1010213671
1010213707
1010213838
1010213842
1010213973
1010214052
1010214067
1010214198
1010214238
1010214369
1010214373
1010214675
1010214715
1010214846
1010214850
1010214981
1010215060
1010215075
1010215231
1010215246
1010215381
1010215402
1010215417
1010215683
1010215698
1010215719
1010215723
1010215854
1010215869
1010216079
1010216083
1010216104
1010216254
1010216385
1010216410
1010216425
1010216560
1010216727
1010216731
1010216862
1010216902
1010217087
1010217091
1010217127
1010217258
1010217262
1010217393
1010217429
1010217564
1010217579
1010217604
1010217870
1010217906
1010217910
1010218095
1010218120
1010218135
1010218270
1010218306
1010218437
1010218572
1010218587
1010218608
1010218612
1010218743
1010218758
1010218914
1010218929
1010219139
1010219143
1010219274
1010219289
1010219314
1010219580
1010219595
1010219616
1010219620
1010219751
1010219897
1010230159
1010230294
1010230315
1010230450
1010230465
1010230596
1010230621
1010230636
1010230767
1010230807
1010230938
1010230942
1010231017
1010231021
1010231298
1010231323
1010231469
1010231473
1010231509
1010231815
1010231946
1010231950
1010232025
1010232160
1010232175
1010232346
1010232481
1010232502
1010232517
1010232648
1010232652
1010232783
1010232798
1010232819
1010232823
1010232954
1010232969
1010234041
1010234056
1010234187
1010234191
1010234212
1010234358
1010234362
1010234529
1010234679
1010234704
1010234835
1010234970
1010234985
1010235064
1010235195
1010235235
1010235370
1010235406
1010235672
1010235687
1010235708
1010235712
1010235843
1010235858
1010235989
1010236068
1010236072
1010236108
1010236239
1010236243
1010236374
1010236389
1010236414
1010236545
1010236716
1010236720
1010236851
1010237076
1010237080
1010237101
1010237247
1010237251
1010237382
1010237397
1010237418
1010237568
1010237874
1010238084
1010238124
1010238390
1010238426
1010238430
1010238561
1010238576
1010238601
1010238732
1010238747
1010238903
1010238918
1010239092
1010239128
1010239132
1010239263
1010239278
1010239303
1010239434
1010239584
1010239605
1010239740
1010239890
1010240239
1010240374
1010240530
1010240545
1010240676
1010240680
1010240701
1010240716
1010240847
1010240851
1010240982
1010241061
1010241076
1010241232
1010241247
1010241378
1010241382
1010241403
1010241418
1010241549
1010241684
1010241724
1010242084
1010242105
1010242386
1010242390
1010242426
1010242561
1010242692
1010242728
1010242732
1010242863
1010242878
1010242903
1010243092
1010243128
1010243259
1010243263
1010243434
1010243565
1010243605
1010243736
1010243740
1010243871
1010243907
1010245275
1010245315
1010245450
1010245617
1010245621
1010245752
1010245767
1010245898
1010245923
1010245938
1010246017
1010246148
1010246152
1010246283
1010246298
1010246319
1010246323
1010246454
1010246469
1010246760
1010246931
1010246946
1010247010
1010247025
1010247156
1010247160
1010247291
1010247327
1010247462
1010247502
1010247648
1010247804
1010247819
1010247954
1010248029
1010248164
1010248179
1010248204
1010248470
1010248485
1010248506
1010248510
1010248641
1010248656
1010248787
1010248791
1010248958
1010248962
1010249037
1010249041
1010249172
1010249187
1010249208
1010249212
1010249343
1010249358
1010249489
1010249493
1010249514
1010249529
1010249795
1010249820
1010249835
1010250148
1010250279
1010250283
1010250304
1010250319
1010250454
1010250585
1010250610
1010250625
1010250756
1010250760
1010250891
1010250927
1010250931
1010251010
1010251287
1010251291
1010251312
1010251327
1010251458
1010251462
1010251593
1010251629
1010251764
1010251804
1010251935
1010252014
1010252029
1010252164
1010252320
1010252470
1010252506
1010252637
1010252641
1010252787
1010252808
1010252812
1010252943
1010252958
1010253037
1010253168
1010253172
1010253208
1010253474
1010253489
1010253514
1010253645
1010253780
1010253795
1010253816
1010253820
1010253951
1010254030
1010254045
1010254176
1010254180
1010254201
1010254216
1010254347
1010254351
1010254518
1010254653
1010254824
1010254839
1010254974
1010256057
1010256061
1010256192
1010256232
1010256363
1010256378
1010256403
1010256534
1010256549
1010256705
1010256840
1010256986
1010257065
1010257105
1010257236
1010257240
1010257371
1010257386
1010257407
1010257542
1010257692
1010257859
1010257863
1010258073
1010258109
1010258259
1010258394
1010258415
1010258565
1010258696
1010258721
1010258736
1010258907
1010259081
1010259096
1010259121
1010259252
1010259267
1010259398
1010259423
1010259438
1010259569
1010259573
1010259609
1010259875
1010260192
1010260213
1010260359
1010260363
1010260494
1010260534
1010260705
1010260836
1010260840
1010260971
1010260986
1010261050
1010261065
1010261236
1010261367
1010261371
1010261407
1010261538
1010261542
1010261673
1010261709
1010261713
1010261859
1010262069
1010262073
1010262109
1010262375
1010262415
1010262546
1010262681
1010262696
1010262717
1010262721
1010262852
1010262867
1010263081
1010263102
1010263248
1010263252
1010263419
1010263423
1010263569
1010263725
1010263860
1010263875
1010264085
1010264125
1010264256
1010264260
1010264391
1010264562
1010264602
1010264748
1010264879
1010264904
1010264919
1010265093
1010265129
1010265264
1010265279
1010265304
1010265435
1010265606
1010265610
1010265741
1010265756
1010265891
1010265912
1010265927
1010267014
1010267145
1010267280
1010267295
1010267316
1010267320
1010267451
1010267597
1010267637
1010267808
1010267939
1010267943
1010268018
1010268153
1010268168
1010268324
1010268474
1010268630
1010268645
1010268780
1010268947
1010268951
1010269026
1010269030
1010269161
1010269176
1010269201
1010269347
1010269478
1010269482
1010269503
1010269518
1010269649
1010269653
1010269784
1010269824
1010270137
1010270268
1010270272
1010270308
1010270439
1010270574
1010270589
1010270614
1010270745
1010270895
1010270916
1010270920
1010271276
1010271280
1010271301
1010271316
1010271451
1010271582
1010271597
1010271618
1010271753
1010271768
1010271924
1010271939
1010272018
1010272149
1010272153
1010272324
1010272590
1010272626
1010272630
1010272761
1010272801
1010272932
1010272947
1010273026
1010273157
1010273161
1010273292
1010273463
1010273478
1010273503
1010273634
1010273649
1010273784
1010273805
1010273940
1010274034
1010274165
1010274205
1010274340
1010274507
1010274642
1010274657
1010274792
1010274813
1010274828
1010274959
1010274963
1010275038
1010275042
1010275173
1010275209
1010275213
1010275359
1010275494
1010275650
1010275796
1010275821
1010275836
1010275967
1010275971
1010276046
1010276050
1010276181
1010276196
1010276217
1010276352
1010276367
1010276498
1010276523
1010276538
1010276709
1010276975
1010278062
1010278102
1010278248
1010278379
1010278383
1010278404
1010278419
1010278685
1010278710
1010278725
1010279070
1010279085
1010279106
1010279241
1010279256
1010279387
1010279391
1010279412
1010279427
1010279562
1010279693
1010279729
1010279864
1010279879
1010280181
1010280202
1010280217
1010280348
1010280352
1010280483
1010280498
1010280519
1010280523
1010280654
1010280825
1010280960
1010280975
1010281054
1010281210
1010281356
1010281360
1010281491
1010281527
1010281531
1010281702
1010281848
1010281979
1010281983
1010282058
1010282062
1010282193
1010282364
1010282379
1010282404
1010282535
1010282670
1010282685
1010282706
1010282710
1010282841
1010282856
1010282987
1010283070
1010283106
1010283237
1010283241
1010283408
1010283412
1010283543
1010283689
1010283693
1010283714
1010283729
1010283864
1010284074
1010284089
1010284245
1010284380
1010284395
1010284697
1010284737
1010284868
1010284872
1010284908
1010285082
1010285097
1010285253
1010285268
1010285424
1010285439
1010285730
1010285745
1010285876
1010285901
1010285916
1010286090
1010286126
1010286130
1010286261
1010286276
1010286301
1010286432
1010286578
1010286582
1010286749
1010286753
1010286924
1010287134
1010287149
1010287284
1010287305
1010287586
1010287590
1010287626
1010287892
1010287928
1010287932
1010289015
1010289150
1010289165
1010289296
1010289321
1010289467
1010289471
1010289507
1010289638
1010289642
1010289809
1010289813
1010290126
1010290257
1010290261
1010290392
1010290428
1010290432
1010290563
1010290578
1010290603
1010290734
1010290749
1010290905
1010291094
1010291265
1010291305
1010291436
1010291571
1010291586
1010291607
1010291742
1010291757
1010291892
1010291913
1010291928
1010292138
1010292142
1010292309
1010292313
1010292459
1010292594
1010292615
1010292750
1010292765
1010292896
1010292921
1010292936
1010293015
1010293146
1010293150
1010293281
1010293296
1010293452
1010293467
1010293598
1010293623
1010293638
1010293769
1010293809
1010294019
1010294023
1010294154
1010294169
1010294325
1010294631
1010294646
1010294781
1010294802
1010294817
1010294948
1010294952
1010295027
1010295031
1010295162
1010295202
1010295348
1010295479
1010295483
1010295654
1010295785
1010295810
1010295825
1010295956
1010295960
1010296035
1010296170
1010296185
1010296206
1010296210
1010296341
1010296356
1010296487
1010296491
1010296512
1010296527
1010296793
1010296829
1010296964
1010296979
1010297043
1010297058
1010297189
1010297193
1010297214
1010297364
1010297495
1010297520
1010297535
1010297670
1010297837
1010297841
1010297972
1010297987
1010298051
1010298197
1010298237
1010298368
1010298372
1010298408
1010298539
1010298543
1010298674
1010298689
1010298714
1010298980
1010301046
1010301050
1010301217
1010301352
1010301367
1010301498
1010301523
1010301538
1010301673
1010301709
1010301975
1010302054
1010302069
1010302360
1010302375
1010302531
1010302546
1010302681
1010302702
1010302717
1010302848
1010302852
1010302983
1010303062
1010303102
1010303248
1010303404
1010303419
1010303685
1010303710
1010303725
1010303856
1010303860
1010304070
1010304085
1010304106
1010304241
1010304256
1010304387
1010304391
1010304562
1010304693
1010304729
1010304864
1010304879
1010304904
1010305089
1010305093
1010305129
1010305264
1010305395
1010305420
1010305435
1010305606
1010305737
1010305741
1010305872
1010305908
1010305912
1010306097
1010306137
1010306268
1010306272
1010306308
1010306439
1010306574
1010306589
1010306745
1010306895
1010306916
1010306920
1010307130
1010307145
1010307276
1010307280
1010307301
1010307316
1010307451
1010307582
1010307597
1010307618
1010307924
1010307939
1010308018
1010308149
1010308153
1010308284
1010308324
1010308590
1010308626
1010308630
1010308761
1010308932
1010308947
1010309026
1010309157
1010309161
1010309292
1010309328
1010309463
1010309478
1010309503
1010309634
1010309649
1010309784
1010309805
1010310253
1010310268
1010310424
1010310439
1010310574
1010310730
1010310745
1010310876
1010310901
1010310916
1010312134
1010312149
1010312305
1010312586
1010312590
1010312626
1010312757
1010312761
1010312892
1010312928
1010312932
1010313142
1010313157
1010313292
1010313459
1010313463
1010313594
1010313634
1010313765
1010313805
1010313936
1010313940
1010314015
1010314150
1010314165
1010314296
1010314321
1010314507
1010314638
1010314642
1010314809
1010314813
1010314959
1010315023
1010315038
1010315169
1010315173
1010315209
1010315475
1010315646
1010315650
1010315781
1010315796
1010315817
1010315821
1010315952
1010315967
1010316031
1010316046
1010316181
1010316202
1010316217
1010316348
1010316352
1010316483
1010316498
1010316519
1010316523
1010316825
1010316960
1010316975
1010317054
1010317185
1010317210
1010317356
1010317360
1010317491
1010317527
1010317531
1010317848
1010317979
1010317983
1010318058
1010318062
1010318193
1010318364
1010318379
1010318404
1010318535
1010318670
1010318685
1010318706
1010318710
1010318987
1010319070
1010319106
1010319237
1010319241
1010319372
1010319387
1010319408
1010319412
1010319543
1010319689
1010319693
1010319714
1010319729
1010319864
1010320162
1010320202
1010320348
1010320479
1010320483
1010320504
1010320519
1010320654
1010320785
1010320810
1010320825
1010320956
1010320960
1010321035
1010321206
1010321210
1010321341
1010321356
1010321487
1010321491
1010321512
1010321527
1010321658
1010321793
1010321829
1010321964
1010321979
1010323051
1010323197
1010323237
1010323408
1010323539
1010323543
1010323674
1010323689
1010323714
1010323845
1010323980
1010324074
1010324230
1010324245
1010324376
1010324380
1010324547
1010324682
1010324697
1010324718
1010324853
1010324868
1010325078
1010325082
1010325103
1010325249
1010325253
1010325384
1010325424
1010325690
1010325726
1010325730
1010325861
1010325876
1010325901
1010326086
1010326090
1010326126
1010326257
1010326261
1010326392
1010326428
1010326432
1010326563
1010326578
1010326734
1010326749
1010326905
1010327094
1010327134
1010327265
1010327305
1010327436
1010327571
1010327586
1010327607
1010327892
1010327913
1010327928
1010328138
1010328142
1010328273
1010328309
1010328313
1010328459
1010328594
1010328615
1010328750
1010328765
1010328921
1010328936
1010329015
1010329146
1010329150
1010329281
1010329296
1010329317
1010329321
1010329452
1010329467
1010329598
1010329623
1010329638
1010329769
1010329809
1010340151
1010340297
1010340468
1010340472
1010340508
1010340639
1010340643
1010340789
1010340814
1010340945
1010341024
1010341039
1010341345
1010341476
1010341480
1010341501
1010341516
1010341647
1010341651
1010341782
1010341797
1010341818
1010341953
1010341968
1010342032
1010342047
1010342178
1010342182
1010342349
1010342353
1010342484
1010342524
1010342790
1010342826
1010342830
1010342961
1010342976
1010343040
1010343186
1010343190
1010343492
1010343528
1010343532
1010343678
1010343703
1010343834
1010343849
1010343984
1010345067
1010345071
1010345107
1010345238
1010345242
1010345373
1010345409
1010345413
1010345694
1010345715
1010345850
1010345865
1010346075
1010346246
1010346250
1010346381
1010346396
1010346417
1010346421
1010346567
1010346723
1010346738
1010346869
1010346873
1010346909
1010347083
1010347098
1010347123
1010347254
1010347269
1010347425
1010347560
1010347575
1010347902
1010347917
1010348091
1010348127
1010348131
1010348262
1010348302
1010348579
1010348583
1010348604
1010348619
1010348754
1010348910
1010348925
1010349135
1010349270
1010349285
1010349306
1010349310
1010349456
1010349587
1010349591
1010349612
1010349627
1010349758
1010349762
1010349893
1010350231
1010350246
1010350381
1010350402
1010350417
1010350548
1010350683
1010350698
1010350719
1010350723
1010350854
1010350869
1010351079
1010351083
1010351254
1010351385
1010351410
1010351425
1010351560
1010351691
1010351727
1010351731
1010351862
1010351902
1010352087
1010352091
1010352127
1010352393
1010352429
1010352564
1010352579
1010352604
1010352735
1010352870
1010352906
1010352910
1010353095
1010353120
1010353135
1010353270
1010353437
1010353572
1010353587
1010353608
1010353612
1010353743
1010353758
1010353893
1010353914
1010353929
1010354139
1010354143
1010354274
1010354289
1010354314
1010354580
1010354595
1010354616
1010354620
1010354751
1010354897
1010354937
1010356024
1010356290
1010356326
1010356461
1010356476
1010356501
1010356782
1010356803
1010356818
1010356949
1010356953
1010357028
1010357032
1010357163
1010357178
1010357203
1010357349
1010357484
1010357505
1010357640
1010357826
1010357957
1010357961
1010358036
1010358040
1010358171
1010358186
1010358207
1010358342
1010358357
1010358492
1010358513
1010358528
1010358659
1010358794
1010358965
1010359059
1010359194
1010359215
1010359350
1010359365
1010359496
1010359521
1010359536
1010359671
1010359707
1010359838
1010359842
1010360140
1010360286
1010360290
1010360326
1010360457
1010360461
1010360592
1010360628
1010360632
1010360763
1010360803
1010360934
1010360949
1010361013
1010361028
1010361294
1010361465
1010361505
1010361636
1010361640
1010361786
1010361807
1010361942
1010361957
1010362021
1010362036
1010362167
1010362171
1010362342
1010362473
1010362509
1010362513
1010362659
1010362794
1010362815
1010362950
1010362965
1010363175
1010363215
1010363481
1010363496
1010363517
1010363521
1010363652
1010363798
1010363823
1010363838
1010363969
1010363973
1010364048
1010364052
1010364183
1010364198
1010364219
1010364354
1010364369
1010364525
1010364675
1010364831
1010364846
1010364981
1010365056
1010365060
1010365191
1010365231
1010365362
1010365402
1010365679
1010365683
1010365704
1010365719
1010365854
1010365985
1010367072
1010367087
1010367108
1010367243
1010367258
1010367389
1010367393
1010367414
1010367429
1010367564
1010367695
1010367870
1010367906
1010368080
1010368095
1010368120
1010368251
1010368397
1010368437
1010368568
1010368572
1010368608
1010368739
1010368743
1010368914
1010369124
1010369139
1010369274
1010369430
1010369576
1010369580
1010369601
1010369616
1010369747
1010369751
1010369897
1010370195
1010370235
1010370370
1010370406
1010370537
1010370541
1010370672
1010370687
1010370708
1010370712
1010370843
1010370858
1010370989
1010371068
1010371072
1010371239
1010371243
1010371374
1010371389
1010371414
1010371545
1010371680
1010371695
1010371716
1010371720
1010371851
1010372076
1010372080
1010372101
1010372382
1010372397
1010372418
1010372568
1010372724
1010372739
1010372874
1010373084
1010373124
1010373426
1010373430
1010373561
1010373576
1010373601
1010373732
1010373747
1010373878
1010373903
1010373918
1010374092
1010374128
1010374132
1010374263
1010374278
1010374303
1010374584
1010374605
1010374740
1010374890
1010374926
1010375136
1010375140
1010375271
1010375286
1010375307
1010375457
1010375613
1010375628
1010375759
1010375763
1010375894
1010375934
1010376013
1010376159
1010376294
1010376315
1010376450
1010376465
1010376596
1010376767
1010376807
1010376938
1010376942
1010378025
1010378160
1010378175
1010378346
1010378481
1010378502
1010378517
1010378648
1010378652
1010378783
1010378798
1010378954
1010378969
1010379048
1010379179
1010379183
1010379204
1010379219
1010379354
1010379485
1010379510
1010379525
1010379656
1010379791
1010379827
1010379831
1010380275
1010380315
1010380450
1010380581
1010380596
1010380617
1010380621
1010380752
1010380767
1010380898
1010380923
1010380938
1010381017
1010381283
1010381298
1010381319
1010381323
1010381454
1010381469
1010381625
1010381760
1010381931
1010381946
1010382010
1010382025
1010382156
1010382160
1010382327
1010382462
1010382502
1010382648
1010382783
1010382804
1010382819
1010382954
1010383029
1010383164
1010383179
1010383204
1010383470
1010383485
1010383506
1010383510
1010383641
1010383656
1010383787
1010383791
1010383812
1010383827
1010383958
1010383962
1010384037
1010384041
1010384172
1010384187
1010384208
1010384212
1010384343
1010384358
1010384514
1010384529
1010384795
1010384820
1010384835
1010384970
1010385045
1010385180
1010385195
1010385216
1010385351
1010385497
1010385672
1010385708
1010385839
1010385843
1010385974
1010385989
1010386053
1010386068
1010386239
1010386374
1010386530
1010386545
1010386701
1010386716
1010386847
1010386851
1010386982
1010387061
1010387076
1010387101
1010387232
1010387247
1010387378
1010387382
1010387403
1010387418
1010387549
1010387684
1010389092
1010389128
1010389259
1010389263
1010389394
1010389434
1010389565
1010389605
1010389736
1010389740
1010389871
1010390184
1010390490
1010390526
1010390530
1010390676
1010390701
1010390832
1010390847
1010390978
1010390982
1010391057
1010391061
1010391232
1010391363
1010391378
1010391403
1010391534
1010391549
1010391684
1010391705
1010391840
1010391986
1010392065
1010392105
1010392371
1010392386
1010392407
1010392542
1010392692
1010392713
1010392728
1010392859
1010392863
1010393073
1010393109
1010393259
1010393415
1010393565
1010393696
1010393721
1010393736
1010393867
1010393871
1010393907
1010394081
1010394096
1010394121
1010394252
1010394267
1010394398
1010394569
1010394573
1010394609
1010394875
1010394915
1010395125
1010395260
1010395275
1010395431
1010395602
1010395617
1010395748
1010395752
1010395898
1010395919
1010395923
1010396148
1010396279
1010396283
1010396304
1010396319
1010396454
1010396585
1010396756
1010396760
1010396891
1010396927
1010396931
1010397010
1010397141
1010397156
1010397287
1010397291
1010397312
1010397327
1010397458
1010397462
1010397593
1010397629
1010397804
1010397935
1010398014
1010398029
1010398164
1010398295
1010398320
1010398470
1010398506
1010398637
1010398641
1010398787
1010398943
1010398958
1010401013
1010401294
1010401315
1010401450
1010401465
1010401596
1010401621
1010401636
1010401767
1010401807
1010401938
1010401942
1010402017
1010402021
1010402152
1010402167
1010402323
1010402469
1010402473
1010402509
1010402815
1010402946
1010402950
1010403025
1010403160
1010403175
1010403481
1010403502
1010403517
1010403648
1010403652
1010403783
1010403798
1010403819
1010403823
1010403954
1010403969
1010404048
1010404179
1010404183
1010404204
1010404219
1010404354
1010404510
1010404525
1010404656
1010404791
1010404827
1010404831
1010404962
1010405041
1010405056
1010405187
1010405191
1010405212
1010405358
1010405362
1010405493
1010405679
1010405704
1010405835
1010405970
1010405985
1010406064
1010406195
1010406235
1010406370
1010406406
1010406537
1010406541
1010406708
1010406712
1010406843
1010406858
1010406989
1010407068
1010407072
1010407108
1010407239
1010407243
1010407374
1010407389
1010407414
1010407545
1010407680
1010407695
1010407851
1010408076
1010408080
1010408101
1010408247
1010408251
1010408382
1010408397
1010408418
1010408568
1010408724
1010408739
1010409084
1010409124
1010409390
1010409426
1010409430
1010409561
1010409576
1010409601
1010409732
1010409747
1010409878
1010410180
1010410195
1010410216
1010410351
1010410497
1010410537
1010410672
1010410708
1010410839
1010410843
1010410974
1010410989
1010412061
1010412076
1010412101
1010412378
1010412382
1010412403
1010412418
1010412549
1010412684
1010412724
1010413084
1010413105
1010413240
1010413426
1010413561
1010413692
1010413728
1010413732
1010413863
1010413878
1010413903
1010414092
1010414128
1010414259
1010414263
1010414394
1010414565
1010414605
1010414736
1010414740
1010414871
1010414907
1010415096
1010415121
1010415136
1010415267
1010415271
1010415307
1010415438
1010415609
1010415613
1010415759
1010415894
1010415915
1010416275
1010416315
1010416450
1010416581
1010416596
1010416752
1010416767
1010416898
1010416923
1010416938
1010417017
1010417148
1010417152
1010417283
1010417298
1010417319
1010417323
1010417454
1010417469
1010417625
1010417931
1010417946
1010418010
1010418025
1010418156
1010418160
1010418291
1010418327
1010418462
1010418502
1010418648
1010418783
1010418954
1010419029
1010419164
1010419179
1010419204
1010419470
1010419485
1010419506
1010419510
1010419641
1010419656
1010419787
1010419791
1010419812
1010419827
1010420125
1010420260
1010420275
1010420431
1010420581
1010420602
1010420617
1010420748
1010420752
1010420898
1010420919
1010420923
1010421279
1010421283
1010421304
1010421319
1010421454
1010421585
1010421610
1010421625
1010421756
1010421760
1010421891
1010421927
1010421931
1010423014
1010423029
1010423164
1010423295
1010423470
1010423506
1010423637
1010423641
1010423787
1010423808
1010423812
1010423943
1010423958
1010424037
1010424168
1010424172
1010424208
1010424343
1010424514
1010424645
1010424780
1010424795
1010424816
1010424820
1010424951
1010425030
1010425045
1010425176
1010425180
1010425201
1010425216
1010425347
1010425351
1010425482
1010425497
1010425653
1010425824
1010425839
1010425974
1010426049
1010426053
1010426184
1010426490
1010426526
1010426530
1010426701
1010426832
1010426847
1010426978
1010426982
1010427057
1010427061
1010427192
1010427232
1010427363
1010427378
1010427403
1010427534
1010427549
1010427684
1010427840
1010427986
1010428065
1010428105
1010428236
1010428240
1010428371
1010428386
1010428407
1010428542
1010428692
1010428713
1010428728
1010429073
1010429109
1010429259
1010429394
1010429415
1010429565
1010429696
1010429721
1010429736
1010429867
1010429871
1010430184
1010430205
1010430340
1010430486
1010430490
1010430526
1010430657
1010430792
1010430828
1010430832
1010430963
1010430978
1010431042
1010431057
1010431213
1010431359
1010431363
1010431494
1010431534
1010431705
1010431836
1010431840
1010431971
1010431986
1010432050
1010432065
1010432196
1010432367
1010432371
1010432407
1010432538
1010432542
1010432673
1010432709
1010432713
1010432859
1010434081
1010434102
1010434248
1010434252
1010434383
1010434398
1010434569
1010434725
1010434860
1010434875
1010435085
1010435125
1010435256
1010435260
1010435391
1010435427
1010435431
1010435602
1010435748
1010435879
1010435904
1010435919
1010436093
1010436129
1010436264
1010436279
1010436304
1010436435
1010436570
1010436585
1010436741
1010436756
1010436891
1010436912
1010436927
1010437137
1010437141
1010437272
1010437287
1010437308
1010437312
1010437458
1010437589
1010437593
1010437614
1010437629
1010437895
1010437920
1010437935
1010438014
1010438145
1010438280
1010438295
1010438316
1010438320
1010438451
1010438597
1010438637
1010438768
1010438939
1010438943
1010439018
1010439153
1010439168
1010439324
1010439474
1010439630
1010439645
1010439780
1010439801
1010439816
1010450169
1010450173
1010450209
1010450475
1010450515
1010450646
1010450650
1010450781
1010450796
1010450817
1010450821
1010450952
1010450967
1010451031
1010451046
1010451202
1010451217
1010451348
1010451352
1010451483
1010451498
1010451519
1010451523
1010451654
1010451825
1010451960
1010451975
1010452054
1010452185
1010452356
1010452360
1010452491
1010452527
1010452531
1010452702
1010452848
1010452979
1010452983
1010453058
1010453062
1010453193
1010453404
1010453535
1010453670
1010453685
1010453706
1010453710
1010453841
1010453856
1010453987
1010454070
1010454106
1010454237
1010454241
1010454372
1010454387
1010454543
1010454689
1010454693
1010454714
1010454729
1010454864
1010456082
1010456097
1010456253
1010456268
1010456424
1010456439
1010456574
1010456730
1010456745
1010456876
1010456901
1010456916
1010457090
1010457126
1010457130
1010457261
1010457276
1010457301
1010457432
1010457578
1010457582
1010457603
1010457618
1010457924
1010458134
1010458149
1010458284
1010458305
1010458586
1010458590
1010458626
1010458757
1010458761
1010458928
1010458932
1010459142
1010459157
1010459292
1010459313
1010459328
1010459459
1010459463
1010459594
1010459634
1010459765
1010459805
1010460103
1010460249
1010460253
1010460384
1010460424
1010460690
1010460726
1010460730
1010460861
1010460876
1010460901
1010461086
1010461090
1010461257
1010461261
1010461392
1010461428
1010461432
1010461563
1010461578
1010461603
1010461734
1010461749
1010461905
1010462094
1010462134
1010462305
1010462436
1010462571
1010462586
1010462607
1010462742
1010462757
1010462892
1010462913
1010462928
1010463138
1010463142
1010463273
1010463459
1010463594
1010463615
1010463750
1010463765
1010463896
1010463921
1010463936
1010464015
1010464146
1010464150
1010464281
1010464296
1010464317
1010464321
1010464598
1010464623
1010464638
1010464769
1010464809
1010465019
1010465023
1010465154
1010465169
1010465325
1010465460
1010465475
1010465631
1010465646
1010465781
1010465802
1010465817
1010465948
1010465952
1010467035
1010467170
1010467185
1010467206
1010467210
1010467341
1010467356
1010467487
1010467491
1010467512
1010467527
1010467658
1010467829
1010467964
1010467979
1010468043
1010468058
1010468189
1010468193
1010468214
1010468364
1010468495
1010468520
1010468535
1010468670
1010468706
1010468972
1010468987
1010469051
1010469197
1010469237
1010469368
1010469372
1010469408
1010469539
1010469543
1010469674
1010469689
1010469714
1010469845
1010470158
1010470162
1010470293
1010470329
1010470464
1010470479
1010470504
1010470635
1010470785
1010470806
1010470810
1010470941
1010470956
1010471020
1010471035
1010471206
1010471341
1010471472
1010471487
1010471508
1010471512
1010471643
1010471658
1010471789
1010471793
1010471814
1010471829
1010471964
1010472039
1010472043
1010472174
1010472189
1010472345
1010472480
1010472495
1010472516
1010472520
1010472651
1010472797
1010472837
1010472968
1010472972
1010473047
1010473051
1010473182
1010473197
1010473218
1010473524
1010473539
1010473674
1010473830
1010473845
1010473976
1010473980
1010474190
1010474230
1010474361
1010474376
1010474532
1010474547
1010474678
1010474682
1010474703
1010474718
1010474849
1010474853
1010474984
1010475063
1010475078
1010475103
1010475234
1010475249
1010475384
1010475405
1010475686
1010475690
1010475726
1010475857
1010475861
1010476071
1010476086
1010476107
1010476242
1010476257
1010476392
1010476413
1010476428
1010476563
1010476734
1010476865
1010476905
1010478098
1010478123
1010478138
1010478269
1010478273
1010478309
1010478575
1010478615
1010478746
1010478750
1010478917
1010478921
1010479131
1010479146
1010479281
1010479302
1010479317
1010479452
1010479583
1010479598
1010479619
1010479623
1010479754
1010479769
1010480107
1010480238
1010480242
1010480373
1010480409
1010480413
1010480694
1010480715
1010480850
1010480865
1010481075
1010481246
1010481250
1010481381
1010481396
1010481417
1010481421
1010481567
1010481698
1010481723
1010481738
1010481869
1010481873
1010481909
1010482083
1010482098
1010482123
1010482425
1010482560
1010482575
1010482731
1010482746
1010482902
1010482917
1010483091
1010483127
1010483131
1010483262
1010483579
1010483583
1010483604
1010483619
1010483754
1010483910
1010483925
1010484135
1010484270
1010484285
1010484306
1010484310
1010484587
1010484591
1010484612
1010484627
1010484758
1010484762
1010484893
1010484929
1010485012
1010485143
1010485158
1010485289
1010485293
1010485314
1010485329
1010485464
1010485620
1010485635
1010485806
1010485937
1010485941
1010486016
1010486020
1010486151
1010486297
1010486468
1010486472
1010486508
1010486789
1010486814
1010486945
1010487024
1010487039
1010487174
1010487345
1010487476
1010487480
1010487501
1010487516
1010487647
1010487651
1010487818
1010487953
1010487968
1010489040
1010489186
1010489190
1010489357
1010489361
1010489492
1010489528
1010489532
1010489678
1010489703
1010489834
1010489849
1010490147
1010490151
1010490282
1010490297
1010490318
1010490453
1010490468
1010490624
1010490639
1010490930
1010490945
1010491024
1010491290
1010491326
1010491461
1010491476
1010491501
1010491632
1010491647
1010491782
1010491803
1010491818
1010491949
1010491953
1010492028
1010492032
1010492163
1010492178
1010492349
1010492484
1010492505
1010492640
1010492786
1010492790
1010492826
1010492957
1010492961
1010493036
1010493040
1010493171
1010493186
1010493207
1010493492
1010493513
1010493528
1010493659
1010493794
1010493834
1010493965
1010494059
1010494194
1010494215
1010494350
1010494365
1010494521
1010494536
1010494671
1010494707
1010494838
1010494842
1010494973
1010495052
1010495067
1010495198
1010495238
1010495369
1010495373
1010495409
1010495675
1010495715
1010495846
1010495850
1010495981
1010496060
1010496075
1010496231
1010496246
1010496381
1010496402
1010496417
1010496548
1010496719
1010496723
1010496854
1010496869
1010497079
1010497083
1010497104
1010497254
1010497385
1010497410
1010497425
1010497560
1010497691
1010497862
1010497902
1010498087
1010498091
1010498127
1010498258
1010498262
1010498393
1010498429
1010498564
1010498579
1010498604
1010498735
1010498906
1010498910
1010501071
1010501086
1010501242
1010501257
1010501392
1010501413
1010501428
1010501563
1010501694
1010501734
1010501865
1010501905
1010502094
1010502396
1010502421
1010502436
1010502567
1010502571
1010502607
1010502738
1010502742
1010502873
1010502909
1010502913
1010503098
1010503123
1010503138
1010503269
1010503273
1010503575
1010503615
1010503746
1010503750
1010503896
1010503917
1010503921
1010504131
1010504146
1010504281
1010504302
1010504317
1010504583
1010504598
1010504619
1010504623
1010504754
1010504769
1010504925
1010505019
1010505154
1010505285
1010505310
1010505325
1010505456
1010505460
1010505627
1010505631
1010505762
1010505802
1010505948
1010506012
1010506027
1010506158
1010506162
1010506293
1010506329
1010506464
1010506479
1010506504
1010506785
1010506806
1010506810
1010506941
1010506956
1010507020
1010507035
1010507170
1010507206
1010507341
1010507472
1010507487
1010507508
1010507512
1010507643
1010507658
1010507814
1010507829
1010507964
1010508039
1010508043
1010508174
1010508189
1010508214
1010508345
1010508480
1010508495
1010508516
1010508520
1010508651
1010508797
1010508968
1010508972
1010509047
1010509051
1010509182
1010509197
1010509218
1010509353
1010509368
1010509524
1010509539
1010509674
1010509830
1010509845
1010510143
1010510158
1010510289
1010510293
1010510314
1010510329
1010510464
1010510595
1010510620
1010510635
1010510806
1010510937
1010510941
1010512024
1010512039
1010512174
1010512345
1010512476
1010512480
1010512501
1010512516
1010512647
1010512651
1010512782
1010512797
1010512818
1010512953
1010512968
1010513032
1010513047
1010513178
1010513182
1010513203
1010513218
1010513484
1010513524
1010513790
1010513826
1010513830
1010513961
1010513976
1010514040
1010514186
1010514190
1010514357
1010514361
1010514528
1010514532
1010514678
1010514703
1010514834
1010514849
1010514984
1010515059
1010515063
1010515194
1010515234
1010515365
1010515405
1010515671
1010515686
1010515707
1010515842
1010515857
1010516067
1010516071
1010516107
1010516238
1010516242
1010516373
1010516409
1010516413
1010516715
1010516850
1010516865
1010517075
1010517246
1010517250
1010517381
1010517396
1010517417
1010517421
1010517567
1010517698
1010517869
1010517873
1010517909
1010518083
1010518098
1010518123
1010518254
1010518269
1010518425
1010518560
1010518575
1010518731
1010518746
1010518902
1010518917
1010519091
1010519127
1010519131
1010519262
1010519302
1010519579
1010519583
1010519604
1010519619
1010519754
1010520198
1010520238
1010520369
1010520373
1010520409
1010520675
1010520715
1010520846
1010520850
1010520981
1010521060
1010521075
1010521231
1010521246
1010521381
1010521402
1010521417
1010521548
1010521683
1010521698
1010521719
1010521723
1010521854
1010521869
1010523087
1010523091
1010523127
1010523258
1010523262
1010523429
1010523564
1010523579
1010523604
1010523735
1010523870
1010523906
1010523910
1010524095
1010524120
1010524135
1010524270
1010524306
1010524572
1010524587
1010524608
1010524612
1010524743
1010524758
1010524893
1010524914
1010524929
1010525139
1010525143
1010525274
1010525289
1010525314
1010525616
1010525620
1010525751
1010525897
1010525937
1010526016
1010526147
1010526151
1010526282
1010526297
1010526318
1010526453
1010526468
1010526930
1010526945
1010527024
1010527290
1010527326
1010527461
1010527476
1010527501
1010527632
1010527647
1010527803
1010527818
1010527949
1010527953
1010528028
1010528032
1010528163
1010528178
1010528203
1010528349
1010528484
1010528505
1010528640
1010528786
1010528790
1010528957
1010528961
1010529036
1010529040
1010529171
1010529186
1010529207
1010529342
1010529357
1010529492
1010529513
1010529528
1010529659
1010529794
1010529834
1010530132
1010530147
1010530278
1010530282
1010530303
1010530318
1010530453
1010530584
1010530624
1010530890
1010530926
1010530930
1010531286
1010531290
1010531326
1010531457
1010531461
1010531592
1010531628
1010531632
1010531763
1010531803
1010531934
1010531949
1010532013
1010532028
1010532159
1010532163
1010532465
1010532505
1010532636
1010532640
1010532786
1010532807
1010532942
1010532957
1010534175
1010534215
1010534346
1010534350
1010534517
1010534521
1010534652
1010534798
1010534823
1010534838
1010534969
1010534973
1010535048
1010535052
1010535183
1010535198
1010535219
1010535354
1010535369
1010535675
1010535831
1010535846
1010535981
1010536056
1010536060
1010536191
1010536231
1010536362
1010536402
1010536548
1010536704
1010536719
1010536854
1010536985
1010537064
1010537079
1010537104
1010537235
1010537370
1010537385
1010537406
1010537410
1010537541
1010537687
1010537691
1010537858
1010537862
1010538072
1010538087
1010538108
1010538243
1010538258
1010538389
1010538393
1010538414
1010538429
1010538564
1010538695
1010538720
1010538735
1010538906
1010539080
1010539095
1010539120
1010539251
1010539397
1010539437
1010539568
1010539572
1010539608
1010539739
1010539743
1010539874
1010540187
1010540191
1010540212
1010540358
1010540362
1010540493
1010540529
1010540679
1010540704
1010540835
1010540970
1010540985
1010541064
1010541235
1010541370
1010541406
1010541537
1010541541
1010541672
1010541687
1010541708
1010541712
1010541843
1010541858
1010541989
1010542068
1010542072
1010542108
1010542374
1010542389
1010542414
1010542545
1010542680
1010542695
1010542716
1010542720
1010542851
1010543076
1010543080
1010543101
1010543247
1010543251
1010543418
1010543568
1010543724
1010543739
1010543874
1010545092
1010545128
1010545132
1010545263
1010545278
1010545303
1010545434
1010545605
1010545740
1010545890
1010545926
1010546136
1010546140
1010546271
1010546286
1010546307
1010546457
1010546592
1010546759
1010546763
1010546894
1010546934
1010547013
1010547159
1010547294
1010547315
1010547450
1010547465
1010547596
1010547621
1010547636
1010547807
1010547938
1010547942
1010548017
1010548021
1010548152
1010548167
1010548298
1010548323
1010548469
1010548473
1010548509
1010548946
1010548950
1010549025
1010549160
1010549175
1010549346
1010549481
1010549502
1010549517
1010549648
1010549652
1010549783
1010549798
1010549819
1010549823
1010560176
1010560180
1010560201
1010560216
1010560347
1010560351
1010560482
1010560497
1010560518
1010560653
1010560824
1010560839
1010560974
1010561049
1010561053
1010561490
1010561526
1010561530
1010561676
1010561701
1010561832
1010561847
1010561978
1010561982
1010562057
1010562061
1010562192
1010562363
1010562378
1010562403
1010562534
1010562549
1010562684
1010562705
1010562840
1010562986
1010563065
1010563105
1010563236
1010563240
1010563407
1010563542
1010563692
1010563713
1010563728
1010563859
1010563863
1010564073
1010564109
1010564259
1010564394
1010564565
1010564696
1010564721
1010564736
1010564867
1010564871
1010564907
1010565081
1010565096
1010565121
1010565252
1010565267
1010565398
1010565423
1010565438
1010565609
1010565875
1010565915
1010567148
1010567279
1010567283
1010567304
1010567319
1010567454
1010567585
1010567610
1010567625
1010567891
1010567927
1010567931
1010568010
1010568141
1010568156
1010568287
1010568291
1010568312
1010568327
1010568458
1010568462
1010568593
1010568629
1010568764
1010568935
1010569014
1010569029
1010569164
1010569295
1010569320
1010569470
1010569506
1010569637
1010569641
1010569787
1010569808
1010569812
1010570125
1010570256
1010570260
1010570391
1010570427
1010570431
1010570562
1010570602
1010570748
1010570879
1010570904
1010570919
1010571093
1010571264
1010571279
1010571304
1010571435
1010571570
1010571585
1010571606
1010571610
1010571741
1010571756
1010571891
1010571912
1010571927
1010572137
1010572141
1010572308
1010572312
1010572458
1010572589
1010572593
1010572614
1010572629
1010572764
1010572895
1010572920
1010572935
1010573014
1010573145
1010573280
1010573295
1010573451
1010573597
1010573637
1010573768
1010573808
1010573939
1010573943
1010574018
1010574153
1010574168
1010574324
1010574630
1010574645
1010574780
1010574801
1010574816
1010574947
1010574951
1010575026
1010575030
1010575161
1010575176
1010575201
1010575347
1010575478
1010575482
1010575649
1010575653
1010575784
1010575824
1010576034
1010576049
1010576184
1010576205
1010576340
1010576486
1010576490
1010576526
1010576792
1010576828
1010576832
1010576963
1010576978
1010578050
1010578065
1010578196
1010578236
1010578367
1010578371
1010578407
1010578538
1010578542
1010578673
1010578709
1010578713
1010579069
1010579073
1010579109
1010579375
1010579415
1010579546
1010579681
1010579696
1010579717
1010579721
1010579852
1010579867
1010580165
1010580205
1010580340
1010580471
1010580486
1010580507
1010580642
1010580657
1010580792
1010580813
1010580828
1010580959
1010580963
1010581038
1010581042
1010581209
1010581213
1010581359
1010581494
1010581515
1010581650
1010581796
1010581821
1010581836
1010581967
1010581971
1010582046
1010582050
1010582181
1010582196
1010582352
1010582367
1010582498
1010582523
1010582538
1010582673
1010582709
1010582975
1010583054
1010583069
1010583531
1010583546
1010583681
1010583702
1010583717
1010583848
1010583852
1010583983
1010584062
1010584102
1010584248
1010584379
1010584383
1010584685
1010584710
1010584725
1010584856
1010584860
1010585070
1010585085
1010585106
1010585241
1010585256
1010585387
1010585391
1010585412
1010585427
1010585693
1010585729
1010585864
1010585879
1010585904
1010586089
1010586093
1010586129
1010586264
1010586395
1010586420
1010586435
1010586570
1010586737
1010586741
1010586872
1010586908
1010586912
1010587097
1010587137
1010587268
1010587272
1010587308
1010587439
1010587574
1010587589
1010587614
1010587895
1010587916
1010587920
1010589018
1010589149
1010589153
1010589284
1010589324
1010589590
1010589626
1010589630
1010589761
1010589801
1010590245
1010590380
1010590395
1010590416
1010590420
1010590697
1010590737
1010590868
1010590872
1010590908
1010591082
1010591097
1010591253
1010591268
1010591424
1010591439
1010591574
1010591730
1010591745
1010591876
1010591901
1010591916
1010592090
1010592126
1010592130
1010592301
1010592432
1010592578
1010592582
1010592603
1010592618
1010592749
1010592753
1010592924
1010593134
1010593149
1010593284
1010593586
1010593590
1010593626
1010593757
1010593761
1010593892
1010593928
1010593932
1010594142
1010594157
1010594292
1010594313
1010594328
1010594594
1010594634
1010594765
1010594805
1010594936
1010594940
1010595015
1010595150
1010595165
1010595296
1010595321
1010595467
1010595471
1010595638
1010595642
1010595809
1010595813
1010595959
1010596023
1010596038
1010596169
1010596173
1010596209
1010596475
1010596515
1010596781
1010596796
1010596817
1010596821
1010596952
1010596967
1010597031
1010597046
1010597181
1010597202
1010597217
1010597348
1010597352
1010597483
1010597498
1010597519
1010597523
1010597654
1010597825
1010597960
1010597975
1010598054
1010598185
1010598210
1010598356
1010598360
1010598491
1010598527
1010598531
1010598702
1010598979
1010598983
1010601034
1010601049
1010601205
1010601340
1010601486
1010601490
1010601526
1010601657
1010601792
1010601828
1010601832
1010601963
1010601978
1010602042
1010602057
1010602192
1010602359
1010602363
1010602494
1010602534
1010602705
1010602836
1010602840
1010602971
1010602986
1010603050
1010603065
1010603196
1010603236
1010603407
1010603538
1010603542
1010603673
1010603709
1010603713
1010603859
1010604069
1010604073
1010604109
1010604375
1010604546
1010604681
1010604696
1010604717
1010604721
1010604852
1010604867
1010605081
1010605102
1010605248
1010605252
1010605383
1010605398
1010605419
1010605423
1010605725
1010605860
1010605875
1010606085
1010606125
1010606256
1010606260
1010606391
1010606427
1010606431
1010606562
1010606748
1010606879
1010606904
1010606919
1010607093
1010607129
1010607264
1010607279
1010607304
1010607435
1010607570
1010607585
1010607606
1010607610
1010607891
1010607912
1010607927
1010608137
1010608141
1010608272
1010608287
1010608308
1010608312
1010608458
1010608589
1010608593
1010608614
1010608629
1010608764
1010608920
1010608935
1010609014
1010609145
1010609280
1010609295
1010609316
1010609320
1010609451
1010609597
1010609637
1010609768
1010609808
1010610106
1010610241
1010610256
1010610387
1010610391
1010610412
1010610427
1010610562
1010610693
1010610729
1010610864
1010610879
1010610904
1010612097
1010612137
1010612308
1010612439
1010612574
1010612589
1010612614
1010612745
1010612895
1010612916
1010612920
1010613130
1010613145
1010613276
1010613280
1010613451
1010613582
1010613597
1010613618
1010613753
1010613768
1010613924
1010613939
1010614018
1010614149
1010614153
1010614284
1010614324
1010614590
1010614626
1010614630
1010614761
1010614801
1010614932
1010614947
1010615026
1010615157
1010615161
1010615292
1010615328
1010615463
1010615478
1010615634
1010615649
1010615784
1010615805
1010615940
1010616034
1010616165
1010616205
1010616340
1010616471
1010616486
1010616507
1010616792
1010616813
1010616828
1010616959
1010616963
1010617038
1010617042
1010617173
1010617209
1010617213
1010617359
1010617494
1010617515
1010617650
1010617821
1010617836
1010617967
1010617971
1010618046
1010618050
1010618181
1010618196
1010618217
1010618352
1010618367
1010618498
1010618523
1010618538
1010618673
1010618709
1010618975
1010619054
1010619069
1010619360
1010619375
1010619531
1010619546
1010619681
1010619702
1010619717
1010619848
1010619852
1010620150
1010620165
1010620296
1010620321
1010620467
1010620471
1010620507
1010620638
1010620642
1010620809
1010620813
1010620959
1010621023
1010621038
1010621209
1010621475
1010621515
1010621646
1010621650
1010621781
1010621796
1010621817
1010621821
1010621952
1010621967
1010623054
1010623185
1010623210
1010623491
1010623527
1010623531
1010623702
1010623848
1010623979
1010623983
1010624058
1010624062
1010624193
1010624364
1010624379
1010624535
1010624670
1010624685
1010624706
1010624710
1010624841
1010624856
1010624987
1010625070
1010625106
1010625237
1010625241
1010625372
1010625387
1010625408
1010625412
1010625689
1010625693
1010625714
1010625729
1010625864
1010626074
1010626089
1010626245
1010626380
1010626395
1010626416
1010626420
1010626737
1010626868
1010626872
1010626908
1010627082
1010627097
1010627253
1010627268
1010627424
1010627439
1010627574
1010627876
1010627901
1010627916
1010628090
1010628126
1010628130
1010628261
1010628276
1010628301
1010628432
1010628578
1010628582
1010628603
1010628618
1010628749
1010628753
1010628924
1010629134
1010629149
1010629284
1010629305
1010629586
1010629590
1010629626
1010629757
1010629761
1010629892
1010630230
1010630245
1010630376
1010630380
1010630401
1010630416
1010630547
1010630682
1010630697
1010630718
1010630853
1010630868
1010631078
1010631082
1010631249
1010631253
1010631384
1010631424
1010631690
1010631726
1010631730
1010631861
1010631876
1010631901
1010632086
1010632090
1010632126
1010632392
1010632428
1010632432
1010632563
1010632578
1010632603
1010632734
1010632749
1010632905
1010634138
1010634142
1010634273
1010634309
1010634313
1010634594
1010634615
1010634750
1010634765
1010634896
1010634921
1010634936
1010635015
1010635146
1010635150
1010635281
1010635296
1010635317
1010635321
1010635452
1010635467
1010635623
1010635638
1010635769
1010635809
1010636019
1010636023
1010636154
1010636169
1010636325
1010636460
1010636475
1010636781
1010636802
1010636817
1010636948
1010636952
1010637027
1010637031
1010637162
1010637202
1010637348
1010637479
1010637483
1010637504
1010637519
1010637654
1010637810
1010637825
1010637956
1010637960
1010638035
1010638170
1010638185
1010638206
1010638210
1010638341
1010638356
1010638487
1010638491
1010638512
1010638527
1010638658
1010638793
1010638964
1010638979
1010639043
1010639058
1010639189
1010639193
1010639214
1010639364
1010639495
1010639520
1010639535
1010639670
1010639706
1010639837
1010639841
1010640154
1010640285
1010640310
1010640325
1010640456
1010640460
1010640591
1010640627
1010640631
1010640762
1010640802
1010640948
1010641012
1010641027
1010641293
1010641329
1010641464
1010641479
1010641504
1010641635
1010641785
1010641806
1010641810
1010641941
1010641956
1010642020
1010642035
1010642170
1010642341
1010642472
1010642487
1010642508
1010642512
1010642643
1010642658
1010642789
1010642793
1010642814
1010642829
1010642964
1010643039
1010643043
1010643174
1010643189
1010643214
1010643480
1010643495
1010643516
1010643520
1010643651
1010643797
1010643837
1010643968
1010643972
1010645190
1010645230
1010645361
1010645376
1010645401
1010645678
1010645682
1010645703
1010645718
1010645849
1010645853
1010645984
1010646063
1010646078
1010646103
1010646234
1010646249
1010646384
1010646405
1010646540
1010646726
1010646857
1010646861
1010647071
1010647086
1010647107
1010647242
1010647257
1010647392
1010647413
1010647428
1010647563
1010647694
1010647865
1010647905
1010648094
1010648250
1010648265
1010648396
1010648421
1010648436
1010648567
1010648571
1010648607
1010648738
1010648742
1010648909
1010648913
1010649098
1010649123
1010649138
1010649269
1010649273
1010649309
1010649575
1010649615
1010649746
1010649750
1010649896
1010650194
1010650234
1010650365
1010650405
1010650536
1010650540
1010650671
1010650686
1010650707
1010650842
1010650857
1010651067
1010651071
1010651238
1010651242
1010651373
1010651409
1010651413
1010651694
1010651715
1010651850
1010651865
1010652075
1010652381
1010652396
1010652417
1010652421
1010652567
1010652698
1010652723
1010652738
1010652869
1010652873
1010652909
1010653083
1010653098
1010653123
1010653254
1010653269
1010653425
1010653560
1010653575
1010653731
1010653746
1010653902
1010653917
1010654091
1010654127
1010654131
1010654262
1010654302
1010654579
1010654583
1010654604
1010654619
1010654754
1010654910
1010654925
1010656012
1010656143
1010656158
1010656289
1010656293
1010656314
1010656329
1010656464
1010656595
1010656806
1010656937
1010656941
1010657016
1010657020
1010657151
1010657297
1010657468
1010657472
1010657508
1010657639
1010657643
1010657814
1010657945
1010658024
1010658039
1010658174
1010658345
1010658476
1010658480
1010658501
1010658516
1010658647
1010658651
1010658782
1010658797
1010658953
1010658968
1010659032
1010659047
1010659178
1010659182
1010659203
1010659218
1010659349
1010659353
1010659484
1010659524
1010659790
1010659826
1010659830
1010670183
1010670198
1010670219
1010670354
1010670369
1010670525
1010670675
1010670831
1010670846
1010670981
1010671056
1010671060
1010671231
1010671362
1010671402
1010671548
1010671679
1010671683
1010671704
1010671719
1010671854
1010671985
1010672064
1010672079
1010672104
1010672370
1010672385
1010672406
1010672410
1010672541
1010672687
1010672691
1010672712
1010672727
1010672858
1010672862
1010673072
1010673087
1010673108
1010673243
1010673258
1010673414
1010673429
1010673564
1010673695
1010673720
1010673735
1010673870
1010673906
1010674080
1010674095
1010674120
1010674251
1010674397
1010674568
1010674572
1010674608
1010674739
1010674743
1010674874
1010674914
1010675124
1010675139
1010675274
1010675430
1010675601
1010675616
1010675747
1010675751
1010675897
1010675918
1010676132
1010676147
1010676278
1010676282
1010676303
1010676318
1010676453
1010676584
1010676890
1010676926
1010676930
1010678013
1010678028
1010678159
1010678163
1010678294
1010678465
1010678505
1010678636
1010678640
1010678786
1010678942
1010678957
1010679021
1010679036
1010679167
1010679171
1010679207
1010679342
1010679473
1010679509
1010679513
1010679659
1010679794
1010679815
1010680128
1010680132
1010680263
1010680278
1010680303
1010680434
1010680584
1010680605
1010680740
1010680890
1010680926
1010681271
1010681286
1010681307
1010681457
1010681592
1010681613
1010681628
1010681759
1010681763
1010681894
1010681934
1010682013
1010682159
1010682315
1010682450
1010682465
1010682596
1010682621
1010682636
1010682767
1010682807
1010682938
1010682942
1010683017
1010683021
1010683152
1010683167
1010683298
1010683469
1010683473
1010683509
1010683815
1010683946
1010683950
1010684025
1010684160
1010684175
1010684346
1010684502
1010684517
1010684648
1010684652
1010684783
1010684798
1010684819
1010684823
1010684954
1010684969
1010685048
1010685179
1010685183
1010685204
1010685219
1010685354
1010685485
1010685656
1010685791
1010685827
1010685831
1010685962
1010686041
1010686056
1010686187
1010686191
1010686212
1010686358
1010686362
1010686493
1010686529
1010686704
1010686835
1010686970
1010686985
1010687064
1010687195
1010687235
1010687370
1010687406
1010687537
1010687541
1010687672
1010687687
1010687843
1010687858
1010687989
1010689076
1010689080
1010689101
1010689247
1010689251
1010689382
1010689397
1010689418
1010689568
1010689724
1010689739
1010689874
1010690172
1010690187
1010690208
1010690212
1010690343
1010690358
1010690489
1010690493
1010690514
1010690529
1010690795
1010690820
1010690835
1010690970
1010691045
1010691216
1010691351
1010691497
1010691537
1010691672
1010691708
1010691839
1010691843
1010691974
1010691989
1010692053
1010692068
1010692374
1010692530
1010692545
1010692676
1010692680
1010692701
1010692716
1010692847
1010692851
1010692982
1010693061
1010693076
1010693101
1010693232
1010693247
1010693403
1010693418
1010693549
1010693684
1010693724
1010694084
1010694105
1010694240
1010694386
1010694390
1010694561
1010694692
1010694728
1010694732
1010694863
1010694878
1010694903
1010695092
1010695128
1010695259
1010695263
1010695394
1010695434
1010695605
1010695736
1010695740
1010695871
1010695907
1010696096
1010696121
1010696136
1010696267
1010696271
1010696307
1010696438
1010696573
1010696759
1010696894
1010696915
1010697275
1010697315
1010697450
1010697581
1010697596
1010697617
1010697621
1010697898
1010697923
1010697938
1010698017
1010698148
1010698152
1010698283
1010698298
1010698319
1010698323
1010698454
1010698469
1010698625
1010698760
1010698931
1010698946
1010701278
1010701282
1010701303
1010701318
1010701453
1010701584
1010701624
1010701890
1010701926
1010701930
1010702140
1010702326
1010702457
1010702461
1010702592
1010702628
1010702632
1010702763
1010702803
1010702934
1010702949
1010703013
1010703028
1010703159
1010703163
1010703294
1010703465
1010703505
1010703636
1010703640
1010703786
1010703807
1010703942
1010703957
1010704021
1010704036
1010704167
1010704171
1010704207
1010704342
1010704509
1010704513
1010704659
1010704794
1010704815
1010704950
1010704965
1010705175
1010705215
1010705346
1010705350
1010705481
1010705496
1010705652
1010705798
1010705823
1010705838
1010705969
1010705973
1010706048
1010706052
1010706183
1010706198
1010706219
1010706354
1010706369
1010706525
1010706831
1010706846
1010706981
1010707056
1010707060
1010707191
1010707231
1010707362
1010707402
1010707548
1010707679
1010707683
1010707854
1010707985
1010708064
1010708079
1010708104
1010708235
1010708370
1010708385
1010708406
1010708410
1010708541
1010708687
1010708691
1010708712
1010708727
1010709072
1010709087
1010709108
1010709243
1010709258
1010709389
1010709393
1010709414
1010709429
1010709564
1010709695
1010709720
1010709735
1010709870
1010710179
1010710183
1010710204
1010710219
1010710354
1010710485
1010710510
1010710525
1010710656
1010710791
1010710827
1010710831
1010710962
1010712064
1010712195
1010712370
1010712406
1010712537
1010712541
1010712672
1010712687
1010712708
1010712712
1010712843
1010712858
1010712989
1010713068
1010713072
1010713108
1010713239
1010713243
1010713414
1010713545
1010713680
1010713695
1010713716
1010713720
1010713851
1010714076
1010714080
1010714101
1010714247
1010714251
1010714382
1010714397
1010714568
1010714724
1010714739
1010714874
1010715084
1010715124
1010715390
1010715426
1010715430
1010715601
1010715732
1010715747
1010715878
1010715903
1010715918
1010716092
1010716128
1010716132
1010716263
1010716278
1010716303
1010716434
1010716584
1010716740
1010716890
1010716926
1010717136
1010717140
1010717271
1010717286
1010717307
1010717457
1010717592
1010717613
1010717628
1010717894
1010717934
1010718013
1010718159
1010718294
1010718315
1010718450
1010718465
1010718596
1010718621
1010718636
1010718767
1010718938
1010718942
1010719017
1010719021
1010719152
1010719167
1010719298
1010719323
1010719469
1010719473
1010719509
1010719815
1010720128
1010720259
1010720263
1010720394
1010720434
1010720565
1010720605
1010720736
1010720740
1010720871
1010720907
1010721096
1010721267
1010721271
1010721307
1010721438
1010721573
1010721609
1010721613
1010721759
1010721894
1010721915
1010723017
1010723148
1010723152
1010723283
1010723298
1010723454
1010723469
1010723625
1010723760
1010723931
1010723946
1010724010
1010724025
1010724156
1010724160
1010724291
1010724327
1010724502
1010724648
1010724783
1010724804
1010724819
1010724954
1010725029
1010725164
1010725179
1010725204
1010725470
1010725485
1010725641
1010725656
1010725787
1010725791
1010725812
1010725827
1010725958
1010725962
1010726037
1010726041
1010726172
1010726187
1010726208
1010726212
1010726343
1010726358
1010726489
1010726493
1010726514
1010726529
1010726795
1010726820
1010726835
1010726970
1010727045
1010727180
1010727195
1010727216
1010727351
1010727497
1010727537
1010727672
1010727839
1010727843
1010727974
1010727989
1010728053
1010728068
1010728239
1010728374
1010728530
1010728545
1010728676
1010728680
1010728701
1010728716
1010728982
1010729061
1010729076
1010729101
1010729232
1010729247
1010729378
1010729382
1010729403
1010729418
1010729549
1010729684
1010729724
1010730168
1010730172
1010730208
1010730343
1010730474
1010730489
1010730514
1010730645
1010730780
1010730795
1010730816
1010730820
1010730951
1010731030
1010731045
1010731201
1010731216
1010731347
1010731351
1010731482
1010731497
1010731518
1010731653
1010731824
1010731839
1010731974
1010732049
1010732053
1010732184
1010732490
1010732526
1010732530
1010732676
1010732701
1010732832
1010732847
1010732978
1010732982
1010734065
1010734105
1010734236
1010734240
1010734371
1010734386
1010734542
1010734692
1010734713
1010734728
1010734859
1010734863
1010735073
1010735109
1010735259
1010735394
1010735415
1010735696
1010735721
1010735736
1010735867
1010735871
1010735907
1010736081
1010736096
1010736121
1010736252
1010736267
1010736398
1010736423
1010736438
1010736569
1010736573
1010736875
1010736915
1010737125
1010737260
1010737275
1010737431
1010737581
1010737602
1010737617
1010737898
1010737919
1010737923
1010738148
1010738279
1010738283
1010738304
1010738319
1010738454
1010738585
1010738610
1010738625
1010738756
1010738760
1010738927
1010738931
1010739010
1010739141
1010739156
1010739287
1010739291
1010739312
1010739327
1010739458
1010739462
1010739593
1010739629
1010739764
1010739804
1010740102
1010740248
1010740252
1010740383
1010740398
1010740419
1010740423
1010740569
1010740725
1010740860
1010740875
1010741085
1010741256
1010741260
1010741391
1010741427
1010741431
1010741562
1010741602
1010741748
1010741879
1010741904
1010741919
1010742093
1010742129
1010742304
1010742435
1010742570
1010742585
1010742606
1010742610
1010742741
1010742756
1010742891
1010742912
1010742927
1010743137
1010743141
1010743272
1010743287
1010743458
1010743589
1010743593
1010743614
1010743629
1010743764
1010743895
1010743920
1010743935
1010745018
1010745153
1010745168
1010745324
1010745474
1010745630
1010745645
1010745780
1010745801
1010745816
1010745947
1010745951
1010746026
1010746030
1010746161
1010746176
1010746201
1010746347
1010746478
1010746482
1010746503
1010746518
1010746784
1010746824
1010747034
1010747049
1010747184
1010747205
1010747340
1010747486
1010747490
1010747526
1010747657
1010747828
1010747832
1010747963
1010747978
1010748042
1010748057
1010748192
1010748213
1010748359
1010748363
1010748494
1010748534
1010748705
1010748971
1010748986
1010749050
1010749065
1010749196
1010749236
1010749367
1010749371
1010749407
1010749538
1010749542
1010749673
1010749709
1010749713
1010749859
1010750157
1010750161
1010750292
1010750328
1010750463
1010750478
1010750503
1010750634
1010750649
1010750784
1010750805
1010750940
1010751034
1010751205
1010751340
1010751471
1010751486
1010751507
1010751642
1010751657
1010751792
1010751813
1010751828
1010751959
1010751963
1010752038
1010752042
1010752173
1010752359
1010752494
1010752515
1010752650
1010752796
1010752821
1010752836
1010752967
1010752971
1010753046
1010753050
1010753181
1010753196
1010753217
1010753498
1010753523
1010753538
1010753673
1010753709
1010753975
1010754054
1010754069
1010754360
1010754375
1010754531
1010754546
1010754681
1010754702
1010754717
1010754848
1010754852
1010754983
1010756070
1010756085
1010756106
1010756241
1010756256
1010756387
1010756391
1010756412
1010756427
1010756562
1010756729
1010756864
1010756879
1010756904
1010757089
1010757093
1010757129
1010757264
1010757395
1010757420
1010757435
1010757570
1010757606
1010757872
1010757908
1010757912
1010758097
1010758137
1010758268
1010758272
1010758308
1010758439
1010758574
1010758589
1010758614
1010758745
1010758916
1010758920
1010759130
1010759145
1010759276
1010759280
1010759301
1010759316
1010759451
1010759582
1010759597
1010759618
1010759753
1010759768
1010760106
1010760237
1010760241
1010760372
1010760387
1010760408
1010760412
1010760543
1010760689
1010760693
1010760714
1010760729
1010760864
1010761074
1010761089
1010761245
1010761380
1010761395
1010761416
1010761420
1010761697
1010761737
1010761868
1010761872
1010761908
1010762082
1010762097
1010762424
1010762439
1010762574
1010762730
1010762745
1010762876
1010762901
1010762916
1010763090
1010763126
1010763130
1010763261
1010763276
1010763432
1010763578
1010763582
1010763603
1010763618
1010763749
1010763753
1010763924
1010764134
1010764149
1010764284
1010764305
1010764586
1010764590
1010764626
1010764757
1010764761
1010764892
1010764928
1010764932
1010765142
1010765157
1010765292
1010765313
1010765328
1010765459
1010765463
1010765634
1010765765
1010765805
1010765936
1010765940
1010767023
1010767038
1010767169
1010767173
1010767209
1010767475
1010767515
1010767646
1010767650
1010767817
1010767821
1010767952
1010767967
1010768031
1010768046
1010768181
1010768202
1010768217
1010768348
1010768352
1010768483
1010768498
1010768519
1010768523
1010768654
1010768960
1010768975
1010769054
1010769185
1010769210
1010769356
1010769360
1010769491
1010769527
1010769531
1010769702
1010769848
1010780190
1010780230
1010780361
1010780376
1010780401
1010780532
1010780547
1010780678
1010780682
1010780703
1010780718
1010780849
1010780853
1010780984
1010781063
1010781078
1010781234
1010781249
1010781384
1010781405
1010781540
1010781686
1010781690
1010781726
1010781857
1010781861
1010782071
1010782086
1010782107
1010782392
1010782413
1010782428
1010782563
1010782694
1010782734
1010782865
1010782905
1010783094
1010783250
1010783265
1010783421
1010783436
1010783567
1010783571
1010783607
1010783738
1010783742
1010783873
1010783909
1010783913
1010784098
1010784123
1010784138
1010784269
1010784273
1010784309
1010784575
1010784615
1010784746
1010784750
1010784896
1010784917
1010784921
1010785131
1010785146
1010785281
1010785302
1010785317
1010785452
1010785619
1010785623
1010785754
1010785769
1010785925
1010786019
1010786154
1010786285
1010786310
1010786325
1010786456
1010786460
1010786591
1010786762
1010786802
1010786948
1010787012
1010787027
1010787158
1010787162
1010787293
1010787329
1010787464
1010787479
1010787504
1010787635
1010787806
1010787810
1010787941
1010787956
1010789039
1010789043
1010789174
1010789189
1010789214
1010789345
1010789480
1010789495
1010789516
1010789520
1010789651
1010789797
1010789837
1010790135
1010790270
1010790285
1010790306
1010790310
1010790456
1010790587
1010790591
1010790612
1010790627
1010790758
1010790762
1010790893
1010790929
1010791012
1010791289
1010791293
1010791314
1010791329
1010791464
1010791595
1010791620
1010791635
1010791806
1010791937
1010791941
1010792016
1010792020
1010792151
1010792468
1010792472
1010792508
1010792639
1010792643
1010792789
1010792814
1010792945
1010793024
1010793039
1010793174
1010793476
1010793480
1010793501
1010793516
1010793647
1010793651
1010793782
1010793797
1010793818
1010793953
1010793968
1010794032
1010794047
1010794178
1010794182
1010794203
1010794218
1010794349
1010794353
1010794524
1010794790
1010794826
1010794830
1010794961
1010794976
1010795040
1010795186
1010795190
1010795357
1010795361
1010795492
1010795678
1010795703
1010795834
1010795849
1010795984
1010796059
1010796063
1010796194
1010796234
1010796365
1010796405
1010796536
1010796540
1010796707
1010796842
1010796857
1010797067
1010797071
1010797107
1010797238
1010797242
1010797373
1010797409
1010797413
1010797694
1010797850
1010797865
1010798075
1010798246
1010798250
1010798381
1010798396
1010798417
1010798421
1010798567
1010798698
1010798723
1010798738
1010798909
1010801074
1010801230
1010801245
1010801376
1010801380
1010801401
1010801416
1010801547
1010801682
1010801697
1010801718
1010801853
1010801868
1010802078
1010802082
1010802103
1010802384
1010802424
1010802690
1010802726
1010802730
1010802861
1010802876
1010802901
1010803086
1010803090
1010803126
1010803257
1010803261
1010803428
1010803432
1010803563
1010803578
1010803603
1010803734
1010803749
1010803905
1010804094
1010804134
1010804265
1010804305
1010804571
1010804586
1010804607
1010804742
1010804757
1010804892
1010804913
1010804928
1010805138
1010805142
1010805273
1010805309
1010805313
1010805459
1010805615
1010805750
1010805765
1010805896
1010805921
1010805936
1010806015
1010806146
1010806150
1010806281
1010806296
1010806317
1010806321
1010806452
1010806467
1010806598
1010806769
1010806809
1010807019
1010807023
1010807154
1010807169
1010807325
1010807460
1010807475
1010807631
1010807646
1010807802
1010807817
1010807948
1010807952
1010808027
1010808031
1010808162
1010808202
1010808348
1010808479
1010808483
1010808504
1010808519
1010808654
1010808785
1010808956
1010808960
1010809035
1010809170
1010809185
1010809206
1010809210
1010809341
1010809356
1010809487
1010809491
1010809512
1010809527
1010809658
1010809793
1010809829
1010810131
1010810146
1010810281
1010810302
1010810317
1010810452
1010810583
1010810598
1010810619
1010810623
1010810754
1010810769
1010810925
1010812012
1010812027
1010812158
1010812162
1010812329
1010812464
1010812479
1010812504
1010812635
1010812785
1010812806
1010812810
1010812941
1010812956
1010813020
1010813035
1010813170
1010813206
1010813472
1010813487
1010813508
1010813512
1010813643
1010813658
1010813789
1010813793
1010813814
1010813829
1010813964
1010814039
1010814043
1010814174
1010814189
1010814214
1010814345
1010814516
1010814520
1010814651
1010814797
1010814837
1010814968
1010814972
1010815047
1010815051
1010815182
1010815197
1010815218
1010815353
1010815368
1010815674
1010815830
1010815845
1010815976
1010815980
1010816190
1010816230
1010816361
1010816376
1010816401
1010816532
1010816547
1010816703
1010816718
1010816849
1010816853
1010816984
1010817063
1010817078
1010817103
1010817234
1010817249
1010817384
1010817405
1010817540
1010817686
1010817690
1010817857
1010817861
1010818071
1010818086
1010818107
1010818242
1010818257
1010818392
1010818413
1010818428
1010818563
1010818694
1010818734
1010818905
1010819094
1010819250
1010819265
1010819396
1010819421
1010819436
1010819567
1010819571
1010819607
1010819738
1010819742
1010819873
1010820186
1010820190
1010820357
1010820361
1010820492
1010820528
1010820532
1010820678
1010820703
1010820834
1010820849
1010820984
1010821059
1010821063
1010821234
1010821365
1010821405
1010821536
1010821540
1010821671
1010821686
1010821707
1010821842
1010821857
1010823075
1010823246
1010823250
1010823417
1010823421
1010823567
1010823698
1010823723
1010823738
1010823869
1010823873
1010823909
1010824083
1010824098
1010824123
1010824254
1010824269
1010824560
1010824575
1010824731
1010824746
1010824902
1010824917
1010825091
1010825127
1010825131
1010825262
1010825302
1010825604
1010825619
1010825754
1010825910
1010825925
1010826135
1010826270
1010826285
1010826306
1010826310
1010826456
1010826587
1010826591
1010826758
1010826762
1010826893
1010826929
1010827012
1010827143
1010827158
1010827289
1010827293
1010827314
1010827329
1010827464
1010827595
1010827620
1010827635
1010827806
1010827937
1010827941
1010828016
1010828020
1010828151
1010828297
1010828468
1010828472
1010828508
1010828639
1010828643
1010828789
1010828945
1010829024
1010829039
1010829174
1010829345
1010829476
1010829480
1010829501
1010829516
1010829647
1010829651
1010829782
1010829797
1010829818
1010830120
1010830135
1010830270
1010830306
1010830437
1010830572
1010830587
1010830608
1010830612
1010830743
1010830758
1010830893
1010830914
1010830929
1010831274
1010831289
1010831314
1010831580
1010831595
1010831616
1010831620
1010831751
1010831897
1010831937
1010832016
1010832147
1010832151
1010832318
1010832453
1010832468
1010832624
1010832639
1010832930
1010832945
1010834028
1010834032
1010834163
1010834178
1010834203
1010834349
1010834505
1010834640
1010834786
1010834790
1010834826
1010834957
1010834961
1010835036
1010835040
1010835171
1010835186
1010835207
1010835342
1010835357
1010835492
1010835659
1010835794
1010835834
1010835965
1010836059
1010836194
1010836215
1010836350
1010836365
1010836496
1010836521
1010836536
1010836707
1010836838
1010836842
1010836973
1010837052
1010837067
1010837198
1010837238
1010837369
1010837373
1010837409
1010837675
1010837846
1010837850
1010837981
1010838060
1010838075
1010838231
1010838246
1010838381
1010838402
1010838417
1010838548
1010838683
1010838698
1010838719
1010838723
1010839079
1010839083
1010839104
1010839254
1010839385
1010839410
1010839425
1010839560
1010839691
1010839727
1010839731
1010839862
1010840175
1010840215
1010840346
1010840350
1010840481
1010840496
1010840517
1010840521
1010840652
1010840798
1010840823
1010840838
1010840969
1010840973
1010841048
1010841052
1010841219
1010841354
1010841369
1010841525
1010841675
1010841831
1010841846
1010841981
1010842056
1010842060
1010842191
1010842362
1010842402
1010842548
1010842679
1010842683
1010842704
1010842719
1010842854
1010842985
1010843064
1010843079
1010843104
1010843235
1010843406
1010843410
1010843541
1010843687
1010843691
1010843712
1010843727
1010843858
1010843862
1010845080
1010845095
1010845120
1010845251
1010845397
1010845437
1010845608
1010845739
1010845743
1010845874
1010845914
1010846124
1010846139
1010846274
1010846430
1010846576
1010846580
1010846747
1010846751
1010846897
1010846918
1010847132
1010847147
1010847278
1010847282
1010847303
1010847318
1010847453
1010847584
1010847624
1010847890
1010847926
1010847930
1010848140
1010848286
1010848290
1010848326
1010848457
1010848461
1010848592
1010848628
1010848632
1010848763
1010848934
1010848949
1010849013
1010849028
1010849159
1010849163
1010849294
1010849465
1010849505
1010849636
1010849640
1010849786
1010849807
1010850124
1010850390
1010850426
1010850430
1010850561
1010850576
1010850601
1010850732
1010850747
1010850878
1010850903
1010850918
1010851092
1010851263
1010851278
1010851303
1010851434
1010851584
1010851605
1010851740
1010851890
1010851926
1010852136
1010852140
1010852307
1010852457
1010852592
1010852613
1010852628
1010852759
1010852763
1010852894
1010852934
1010853013
1010853159
1010853294
1010853450
1010853465
1010853596
1010853621
1010853636
1010853767
1010853807
1010853938
1010853942
1010854017
1010854021
1010854152
1010854167
1010854298
1010854323
1010854509
1010854815
1010854946
1010854950
1010856048
1010856179
1010856183
1010856204
1010856219
1010856354
1010856485
1010856510
1010856525
1010856791
1010856827
1010856831
1010856962
1010857041
1010857056
1010857187
1010857191
1010857212
1010857358
1010857362
1010857493
1010857529
1010857679
1010857835
1010857970
1010857985
1010858064
1010858195
1010858235
1010858370
1010858406
1010858537
1010858541
1010858672
1010858687
1010858708
1010858712
1010858989
1010859068
1010859072
1010859108
1010859239
1010859243
1010859374
1010859389
1010859414
1010859545
1010859680
1010859695
1010859716
1010859720
1010859851
1010860164
1010860179
1010860204
1010860470
1010860485
1010860506
1010860510
1010860641
1010860656
1010860787
1010860791
1010860812
1010860827
1010860958
1010860962
1010861037
1010861041
1010861208
1010861212
1010861343
1010861358
1010861489
1010861493
1010861514
1010861529
1010861795
1010861820
1010861835
1010861970
1010862045
1010862180
1010862195
1010862351
1010862497
1010862537
1010862672
1010862708
1010862839
1010862843
1010862974
1010862989
1010863053
1010863068
1010863239
1010863530
1010863545
1010863676
1010863680
1010863701
1010863716
1010863847
1010863851
1010863982
1010864061
1010864076
1010864101
1010864232
1010864247
1010864378
1010864382
1010864549
1010864684
1010864724
1010865084
1010865105
1010865240
1010865386
1010865390
1010865426
1010865692
1010865728
1010865732
1010865863
1010865878
1010865903
1010867096
1010867121
1010867136
1010867267
1010867271
1010867307
1010867438
1010867573
1010867609
1010867613
1010867894
1010867915
1010868275
1010868315
1010868450
1010868581
1010868596
1010868617
1010868621
1010868752
1010868767
1010868923
1010868938
1010869017
1010869148
1010869152
1010869283
1010869298
1010869319
1010869323
1010869454
1010869469
1010869625
1010869760
1010870109
1010870259
1010870394
1010870415
1010870565
1010870696
1010870721
1010870736
1010870867
1010870871
1010870907
1010871081
1010871096
1010871252
1010871267
1010871398
1010871423
1010871438
1010871569
1010871573
1010871609
1010871875
1010871915
1010872125
1010872431
1010872581
1010872602
1010872617
1010872748
1010872752
1010872898
1010872919
1010872923
1010873148
1010873279
1010873283
1010873454
1010873585
1010873610
1010873625
1010873756
1010873760
1010873891
1010873927
1010873931
1010874010
1010874141
1010874156
1010874287
1010874291
1010874312
1010874327
1010874593
1010874629
1010874764
1010874804
1010874935
1010875014
1010875029
1010875164
1010875295
1010875320
1010875470
1010875637
1010875641
1010875787
1010875808
1010875812
1010875943
1010875958
1010876037
1010876168
1010876172
1010876208
1010876343
1010876474
1010876489
1010876514
1010876780
1010876795
1010876816
1010876820
1010876951
1010878049
1010878053
1010878184
1010878490
1010878526
1010878530
